000021401013999 0.896973 351 489 402 590
000024501014030 0.894043 64 574 113 663
000028901014074 0.368164 171 585 213 703
000113701014922 0.854004 818 554 933 611
000127401015059 0.894043 1381 479 1438 563
000127501015060 0.90625 434 476 488 583
000132801015113 0.793457 1433 402 1514 486
000180401015589 0.814941 202 544 308 593
000198401015769 0.875977 212 435 313 507
000201301015798 0.890137 410 734 467 857
000214101015926 0.311523 1650 521 1750 574
000214101015926 0.822266 1597 648 1675 750
000255801016343 0.813477 73 582 185 646
000275701016542 0.937988 714 426 784 495
000294101016726 0.852539 85 531 132 646
000324501017030 0.919434 783 542 873 643
000335001017135 0.895996 42 737 165 842
000336701017152 0.896484 80 714 192 768
000341501017200 0.892578 357 383 437 500
000342001017205 0.841797 1716 538 1788 662
000348901017274 0.80957 282 484 376 539
000350901017294 0.881348 342 522 461 573
000351101017296 0.816895 252 597 372 648
000365201017437 0.397705 187 387 244 482
000366401017449 0.491699 1042 395 1109 468
000366401017449 0.893555 879 461 987 513
000409301017878 0.75293 321 613 443 653
000416901017954 0.847656 696 554 741 657
000430901018094 0.866211 797 351 864 423
000495701018742 0.89502 215 758 338 815
000495801018743 0.871094 482 597 521 714
000496701018752 0.833008 461 673 580 736
000500501018790 0.883301 228 433 301 524
000520001018985 0.92334 502 546 630 637
000537801019163 0.881836 474 558 528 642
000570001019485 0.4104 777 383 906 438
000571801019503 0.897461 1453 521 1541 583
000609601019881 0.952148 398 581 486 675
000617801019963 0.307129 1237 598 1329 646
000617801019963 0.85498 1232 618 1341 689
000645001020235 0.8125 317 408 409 447
000657301020358 0.84082 165 619 252 666
000722801021013 0.882812 242 875 336 934
000738301021168 0.82959 866 719 943 860
000776201021547 0.882324 183 732 253 833
000815601021941 0.882812 349 485 396 587
000843201022217 0.920898 479 600 530 678
000843601022221 0.6875 764 483 825 590
000844501022230 0.895508 99 511 208 587
000853201022317 0.905273 703 727 816 791
000854001022325 0.891113 519 759 592 898
000924801023033 0.924316 141 588 204 673
000998601023771 0.874023 231 464 333 535
001061001025395 0.806152 389 554 502 606
001084201025627 0.896973 208 553 347 643
001084801025633 0.902344 841 583 968 652
001085201025637 0.905762 953 410 1032 514
001111101025896 0.899414 107 532 220 599
001111701025902 0.906738 276 491 343 604
001111901025904 0.881348 512 580 558 661
001142601026211 0.861328 148 390 252 436
001162201026407 0.634766 793 691 855 824
001167301026458 0.424072 741 365 848 415
001177901026564 0.885254 185 712 300 762
001179401026579 0.806152 215 679 358 726
001222201027007 0.638184 315 386 433 425
001225501027040 0.894043 367 604 417 728
001235001027135 0.814941 479 594 541 732
001238101027166 0.914551 2 560 74 630
001243701027222 0.903809 726 572 799 692
001243801027223 0.930664 710 538 800 650
001260301027388 0.925781 340 636 430 752
001275801027543 0 0 0 0 0 
001315401027939 0.768066 1736 356 1882 405
001342201028207 0.856934 425 455 527 498
001373001028515 0.664062 389 575 463 692
001382601028611 0.92041 31 656 129 811
006456301027524 0 0 0 0 0 
006486001008661 0.258057 835 407 922 439
006486001008661 0.609375 97 748 149 877
006493601008737 0.283447 1456 539 1567 581
006497801008779 0.885742 156 470 272 526
006504701028008 0.849609 137 559 232 612
006516701028128 0.687988 880 282 979 349
006523601028197 0 0 0 0 0 
006535401028315 0 0 0 0 0 
006543701028398 0 0 0 0 0 
006556501028526 0.629883 1819 502 1863 609
006562401009425 0 0 0 0 0 
006592101009722 0.284912 430 434 538 483
006592101009722 0.487061 354 391 468 428
006592101009722 0.515625 366 434 469 481
006592101009722 0.730957 685 391 812 437
006602401031427 0.80957 1241 465 1356 506
006602401031427 0.900391 151 478 231 570
006604301031446 0 0 0 0 0 
006605501031458 0 0 0 0 0 
006619401009995 0.869629 678 493 778 540
006647401031877 0.82666 807 521 875 602
006650601031909 0.353027 835 386 885 459
006651001031913 0.36792 496 403 568 447
006651101031914 0.402588 1059 396 1098 473
006651101031914 0.470215 1084 490 1130 583
006674201032145 0.303955 324 608 435 654
006696401032367 0 0 0 0 0 
006700701032410 0 0 0 0 0 
006701001032413 0 0 0 0 0 
006703201032435 0.850098 815 799 907 857
006705901032462 0.852051 420 678 534 728
006715401010955 0 0 0 0 0 
006724601011047 0 0 0 0 0 
006728001032683 0.687012 1141 556 1260 610
006771601033119 0.375 1486 747 1599 811
006821301033616 0 0 0 0 0 
006836901033772 0 0 0 0 0 
006837301033776 0.319824 61 396 123 417
006837301033776 0.810059 495 708 587 758
006847401033877 0.603027 724 671 771 789
006848801033891 0 0 0 0 0 
006860201034005 0.261475 1060 691 1140 779
006904801034451 0.259277 1411 331 1502 383
006904801034451 0.380859 1505 324 1623 368
006928501034688 0 0 0 0 0 
006934601034749 0.839844 900 480 955 583
006945401034857 0.69873 667 765 832 834
006946101034864 0 0 0 0 0 
006948201034885 0 0 0 0 0 
006970801035111 0 0 0 0 0 
006977301035176 0.854492 222 406 340 448
006988101035284 0 0 0 0 0 
006999301030098 0 0 0 0 0 
007030201030421 0.771484 853 503 910 597
007055901030697 0 0 0 0 0 
007066901030812 0.35498 188 539 236 649
007067601030820 0 0 0 0 0 
007076401030911 0 0 0 0 0 
007082701030975 0 0 0 0 0 
007083101030979 0.889648 314 541 381 644
007103801031193 0.766113 290 478 337 578
007126601031428 0 0 0 0 0 
007132201031488 0 0 0 0 0 
007138601031555 0.479004 232 535 277 607
007159701031781 0 0 0 0 0 
007160401031788 0.255127 805 599 923 658
007160401031788 0.331787 201 684 309 727
007160401031788 0.468262 213 664 309 707
007177001031964 0.313477 143 719 273 767
007195001032153 0.41748 48 547 151 607
007197501032180 0 0 0 0 0 
007198001032185 0.32373 265 488 341 580
007209101032300 0.310303 930 620 1041 672
007209101032300 0.514648 493 785 616 852
007231501032540 0.852051 414 538 457 647
007238101032610 0.917969 84 643 183 712
007277301033028 0.859863 412 570 518 616
007288301033149 0.529785 598 676 658 787
007292501033193 0 0 0 0 0 
007325601033545 0 0 0 0 0 
007380601034117 0.776855 358 646 475 709
007396701029840 0 0 0 0 0 
007432601030199 0 0 0 0 0 
007453801030411 0 0 0 0 0 
007457101030444 0 0 0 0 0 
007461201030485 0.554199 436 597 478 734
007468401030557 0 0 0 0 0 
007468901030562 0 0 0 0 0 
007472401030597 0 0 0 0 0 
007515901031032 0.432129 294 496 395 544
007515901031032 0.664551 430 450 479 548
007516101031034 0 0 0 0 0 
007520101031074 0.253418 1659 353 1784 404
007520101031074 0.409668 1784 331 1891 377
007704801032921 0.552734 333 447 395 520
007717201033045 0 0 0 0 0 
007727901033152 0 0 0 0 0 
007728501033158 0 0 0 0 0 
007738401033257 0.269531 124 505 184 608
007746001033333 0.880371 236 412 329 460
007755401033427 0.396973 169 697 285 760
007755401033427 0.61084 1618 566 1725 604
007764601033519 0.773926 487 373 527 460
007768001033553 0 0 0 0 0 
007779901033672 0.527344 175 357 291 411
007782701033700 0 0 0 0 0 
007814601029107 0 0 0 0 0 
007832201029283 0.352783 166 655 219 771
007841501029376 0.869629 422 524 525 576
007870701029668 0.739258 1112 322 1248 376
007886501029826 0.800293 241 645 368 696
007886901029830 0.817871 1110 489 1220 554
007988301030844 0 0 0 0 0 
007995901030920 0 0 0 0 0 
008002701030988 0.606445 241 396 326 505
008013601031097 0.492432 1483 480 1579 519
